[header]
width=50
height=16
tilewidth=16
tileheight=16
orientation=orthogonal

[tilesets]
tileset=dirt-tiles.png,16,16,0,0
tileset=characters_3.png,32,32,0,0

[layer]
type=Tile
data=
221,221,221,221,221,221,221,221,221,221,221,221,221,221,221,221,221,221,221,221,221,221,221,221,221,221,221,221,221,221,221,221,221,221,221,221,221,221,221,221,221,221,221,221,221,221,221,221,221,221,
221,221,221,221,221,221,221,221,221,221,221,221,221,221,221,221,221,221,221,221,221,221,221,221,221,221,221,221,221,221,221,221,221,221,221,221,221,221,221,221,221,221,221,221,221,221,221,221,221,221,
221,221,221,221,221,221,221,221,221,221,221,221,221,221,221,221,221,221,221,221,221,221,221,221,221,221,221,221,221,221,221,221,221,221,221,221,221,221,221,221,221,221,221,221,221,221,221,221,221,221,
221,221,221,221,221,221,221,221,221,221,221,221,221,221,221,221,221,221,221,221,221,221,221,221,221,221,221,221,221,221,221,221,221,221,221,221,221,221,221,221,221,221,221,221,221,221,221,221,221,221,
221,221,221,221,221,221,221,221,221,221,221,221,221,221,221,221,221,221,221,221,221,221,221,221,221,221,221,221,221,221,221,221,221,221,221,221,221,221,221,221,221,221,221,221,221,221,221,221,221,221,
221,221,221,221,221,221,221,221,221,221,221,221,221,221,221,221,221,221,221,221,221,221,221,221,221,221,221,221,221,221,221,221,221,221,221,221,221,221,221,221,221,221,221,221,221,221,221,221,221,221,
221,221,221,221,221,221,221,221,221,221,221,221,221,221,221,221,221,221,221,221,221,221,221,221,221,221,221,221,221,221,221,221,221,221,221,221,221,221,221,221,221,221,221,221,221,221,221,221,221,221,
221,221,221,221,221,221,221,221,221,221,221,221,221,221,221,221,221,221,221,221,221,221,221,221,221,221,221,221,221,221,221,221,221,221,221,221,221,221,221,221,221,221,221,221,221,221,221,221,221,221,
221,221,221,221,221,221,221,221,221,221,221,221,221,221,221,221,221,221,221,221,221,221,221,221,221,221,221,221,221,221,221,221,221,221,221,221,221,221,221,221,221,221,221,221,221,221,221,221,221,221,
221,221,221,221,221,221,221,221,221,221,221,221,221,221,221,221,221,221,221,221,221,221,221,221,221,221,221,221,221,221,221,221,221,221,221,221,221,221,221,221,221,221,221,221,221,221,221,221,221,221,
221,221,221,221,221,221,221,221,221,221,221,221,221,221,221,7,8,8,8,8,8,8,7,8,221,221,221,221,221,221,221,221,221,221,221,221,221,221,221,221,221,221,221,221,221,221,221,221,221,221,
221,221,221,221,221,221,221,221,221,221,221,221,221,221,221,1,52,52,52,52,52,52,52,54,221,221,221,221,221,221,221,221,221,221,221,221,221,221,221,221,221,221,221,221,221,221,221,146,221,221,
7,8,8,8,8,7,8,8,7,8,8,8,8,8,8,34,63,63,63,63,63,63,63,61,8,8,8,7,8,8,8,8,8,8,8,7,8,8,8,8,8,8,8,8,8,7,7,170,7,7,
1,52,52,52,52,52,52,52,52,52,52,52,52,52,52,52,52,52,52,52,52,52,52,52,52,52,52,52,52,52,52,52,52,52,52,52,52,52,52,52,52,52,52,52,52,52,52,52,52,52,
34,63,63,63,63,63,63,63,63,63,63,63,63,63,63,63,63,63,63,63,63,63,63,63,63,63,63,63,63,63,63,63,63,63,63,63,63,63,63,63,63,63,63,63,63,63,63,63,63,63,
34,63,63,63,63,63,63,63,63,63,63,63,63,63,63,63,63,63,63,63,63,63,63,63,63,63,63,63,63,63,63,63,63,63,63,63,63,63,63,63,63,63,63,63,63,63,63,63,63,63

[ObjectsLayer]
# Biggs
type=Snake
location=16,10,2,2

[ObjectsLayer]
# Wedge
type=Snake
location=29,12,2,2

[ObjectsLayer]
# Bob
type=Player
location=2,11,2,2

